 57 26 93 23 71 42 15 94 89 18 67 65 44 72 43 62 66 92 39 26 94 80 4 88 46
 71 5 86 54 53 1 10 83 3 86 63 89 82 94 13 25 62 77 69 5 71 29 4 43 52
 53 48 99 83 48 27 15 79 67 46 47 64 41 45 19 69 54 37 76 79 20 5 33 58 27
 41 48 36 49 59 49 60 34 70 70 76 32 39 36 59 31 44 9 41 2 82 8 86 74 75
 34 30 88 46 89 18 8 51 44 17 9 69 16 20 37 18 22 22 51 27 64 61 48 28 75
 53 65 4 26 38 33 30 60 63 1 99 55 57 81 98 82 84 15 87 31 97 24 28 40 60
 25 96 81 27 26 55 52 13 3 79 98 77 2 7 40 61 58 51 5 22 69 41 93 53 62
 58 47 17 38 95 15 6 89 43 85 35 13 69 42 85 24 11 46 24 36 54 52 68 90 14
 25 43 38 32 17 26 53 67 10 97 86 30 42 85 68 82 23 63 9 94 70 87 16 30 3
 48 60 9 78 82 93 97 84 77 77 1 89 56 85 3 81 22 41 15 90 23 13 1 25 39
 19 68 82 38 84 42 67 47 12 86 57 33 96 46 86 44 46 47 2 15 74 99 64 9 33
 73 27 42 25 9 13 9 34 89 60 62 89 3 38 56 15 66 23 66 59 61 15 84 15 2
 79 68 25 91 44 35 77 54 26 31 36 35 86 70 54 29 11 85 80 50 66 80 64 83 81
 89 73 70 42 97 92 70 9 90 55 42 7 63 86 5 30 19 77 22 87 73 44 41 46 64
 25 83 98 76 26 16 96 29 9 82 10 89 39 74 3 60 63 80 97 13 16 64 76 21 10
 49 42 32 19 27 68 90 49 68 37 7 18 11 92 66 60 10 21 24 53 38 21 87 45 34
 52 47 3 54 6 93 28 79 85 28 77 17 31 65 51 19 94 94 53 74 64 48 32 54 67
 66 60 6 8 54 55 45 50 82 21 96 17 50 41 18 67 42 60 5 97 26 40 84 62 25
 28 9 28 18 46 66 80 42 78 4 94 64 22 87 66 31 49 12 4 97 31 90 19 34 34
 89 5 39 48 15 62 41 86 29 61 4 62 74 20 73 64 96 28 1 10 82 23 71 45 39
 51 22 60 51 34 88 45 60 83 62 55 50 39 12 42 8 74 17 22 83 69 40 49 30 44
 11 15 99 48 36 33 60 95 6 84 95 80 8 67 21 10 65 13 68 7 71 39 97 96 21
 25 39 98 31 67 49 91 86 31 63 51 25 94 40 61 97 23 8 52 38 10 34 26 8 51
 61 55 41 16 3 71 2 30 74 16 90 57 4 88 83 47 39 71 57 76 56 51 97 82 9
 27 73 52 5 50 93 93 66 1 13 81 11 82 16 52 98 78 75 54 30 14 21 99 37 63
 39 9 49 14 93 97 47 72 84 22 89 88 79 80 51 8 34 84 72 79 45 21 90 5 11
 65 17 55 17 65 78 65 48 36 68 67 49 92 89 81 20 91 48 38 44 56 18 41 38 32
 57 31 15 26 37 51 43 33 61 91 36 12 88 78 68 36 45 5 94 68 43 19 51 29 16
 70 41 98 76 88 80 62 42 96 16 15 44 69 95 83 88 15 48 87 62 55 27 85 47 45
 97 7 88 17 55 69 17 17 76 7 48 38 15 93 80 96 19 87 35 52 21 61 77 95 84
 62 35 75 75 11 61 71 34 6 44 86 60 30 1 44 92 9 24 93 89 14 7 22 58 38
 85 49 68 38 42 89 32 16 42 48 70 46 64 18 30 29 33 64 58 59 18 16 84 65 47
 71 77 47 21 52 20 93 65 53 30 20 21 85 32 74 80 99 19 22 27 38 19 82 83 84
 24 17 29 44 93 56 73 13 11 67 2 75 22 97 17 95 9 41 25 91 75 95 54 70 17
 49 94 30 46 17 48 81 34 87 36 50 63 87 45 90 77 83 8 46 62 12 31 83 73 24
 91 77 43 94 24 27 22 9 90 24 11 42 31 25 3 45 58 89 52 75 25 39 92 76 17
 49 71 18 69 38 20 53 94 26 32 32 47 56 59 72 39 56 49 78 55 75 79 29 26 92
 17 41 70 58 56 95 15 81 56 84 70 9 31 2 57 67 2 26 11 84 47 5 62 88 50
 14 19 75 10 75 24 78 53 95 52 57 84 32 69 43 11 12 22 68 38 71 34 23 52 43
 62 82 49 12 18 96 9 6 3 67 18 74 46 73 8 28 24 60 95 21 32 60 46 32 99
 73 90 3 86 6 80 9 29 93 59 54 23 41 30 78 79 43 72 57 6 16 45 83 24 60
 11 34 21 12 77 14 80 18 9 72 29 54 81 78 52 52 91 13 94 85 56 73 47 13 76
 33 51 46 79 51 33 38 89 19 34 73 22 98 14 66 57 79 62 17 54 57 76 5 23 42
 88 90 33 87 76 21 28 51 38 2 74 38 70 22 74 94 48 87 77 56 88 50 99 10 93
 65 2 66 77 41 47 36 57 77 33 73 88 70 19 91 23 88 2 45 38 6 90 19 53 37
 83 63 33 64 77 98 28 64 77 49 48 34 50 14 7 48 91 24 47 85 83 16 79 58 62
 43 99 29 23 6 58 47 80 3 14 22 66 60 51 71 18 39 15 73 24 96 56 76 2 15
 62 12 20 20 63 65 81 43 27 92 88 7 40 89 52 90 92 5 49 17 88 83 5 57 5
 2 97 18 18 76 33 30 24 31 21 48 6 22 46 63 59 49 52 53 64 22 59 23 54 86
 77 14 52 16 24 81 51 65 91 27 74 13 92 60 58 6 4 29 28 41 26 5 35 33 53
 60 47 24 47 44 2 24 48 99 59 40 60 36 63 69 11 9 65 1 40 62 86 68 49 53
 1 72 52 98 55 56 74 81 94 64 72 29 24 48 71 21 49 50 81 50 3 17 54 11 74
 65 5 14 25 21 20 78 23 29 47 85 85 37 17 40 76 80 81 21 33 24 33 82 65 66
 58 54 56 72 38 91 41 53 87 14 78 72 10 81 49 12 38 66 17 10 27 4 71 68 10
 44 66 75 79 91 29 95 72 26 95 30 77 60 63 41 58 74 87 3 67 31 30 11 19 62
 69 68 13 30 70 94 40 76 70 19 77 4 94 17 67 85 39 67 59 38 5 76 19 79 58
 60 37 13 3 13 72 66 17 70 33 67 25 26 75 35 30 47 96 31 80 27 89 31 1 20
 63 34 34 9 96 15 40 85 85 66 99 90 82 99 98 4 57 19 64 71 85 67 4 7 73
 62 95 2 47 38 37 52 99 19 34 81 68 73 14 54 52 85 98 86 67 66 29 84 13 68
 63 45 38 97 91 59 91 42 26 27 87 87 94 35 72 19 48 73 38 29 84 68 71 31 93
 94 15 86 91 38 90 49 68 40 32 59 88 3 60 48 27 48 96 48 45 24 70 17 24 42
 39 93 22 57 27 86 16 24 58 56 49 3 43 9 85 20 9 82 23 91 80 62 86 79 79
 22 10 49 90 59 59 98 82 27 99 25 73 52 64 51 25 88 14 19 56 94 20 36 51 76
 27 19 30 4 64 36 96 7 92 93 72 78 57 61 34 44 59 10 91 67 92 80 41 48 60
 50 78 23 66 39 81 66 19 97 37 71 24 18 75 34 99 96 67 25 98 85 50 69 95 80
 11 85 2 77 15 94 73 60 48 4 75 41 35 14 20 96 61 49 40 46 63 43 43 43 38
 6 5 52 26 92 59 71 74 46 86 7 60 16 51 59 92 25 56 55 31 93 67 74 70 20
 96 15 78 2 65 66 75 41 13 11 97 63 81 23 56 34 8 54 99 68 51 84 85 93 52
 81 24 80 71 82 20 47 52 9 79 74 36 46 39 16 76 11 86 94 19 74 25 24 87 36
 28 97 74 45 7 38 60 94 47 49 68 55 32 39 1 41 43 46 47 27 42 64 35 88 64
 5 11 72 66 96 50 21 41 83 3 21 55 78 25 55 51 13 24 64 84 24 9 54 60 79
 7 19 29 38 36 10 71 57 67 9 54 72 81 15 19 48 71 15 49 43 62 31 17 82 15
 74 88 74 36 45 51 33 35 23 17 11 20 7 69 64 60 1 64 79 36 52 81 93 94 58
 97 60 71 35 70 30 69 51 63 44 34 41 72 29 31 41 38 66 53 51 32 56 64 73 50
 69 62 84 1 25 32 65 56 2 81 89 77 97 1 72 36 82 33 13 71 47 61 9 7 25
 29 10 70 37 70 99 62 54 61 46 83 57 94 48 41 79 61 93 22 22 81 3 15 26 10
 32 12 88 27 15 31 57 12 68 3 1 69 55 26 81 92 23 11 49 11 86 39 21 97 21
 91 76 6 48 76 84 30 62 50 85 25 37 35 16 57 12 59 29 21 1 52 56 87 2 47
 6 13 43 83 84 3 13 32 28 22 6 53 11 83 7 11 42 12 72 6 83 62 81 27 54
 48 91 26 85 19 22 1 95 94 44 1 54 18 14 1 53 14 65 20 49 96 82 61 36 61
 87 75 25 14 85 25 98 72 34 22 58 87 11 64 64 92 5 42 83 36 4 96 23 84 14
 83 80 20 43 25 72 7 48 28 39 37 96 29 94 30 48 84 66 40 18 6 41 24 12 86
 86 4 58 2 55 80 6 64 43 12 37 92 69 87 70 21 53 62 86 36 52 48 65 49 58
 29 32 30 41 56 56 24 23 80 15 80 72 96 21 96 36 89 23 43 10 85 78 48 81 94
 62 47 37 13 69 26 33 4 91 92 67 42 28 5 20 31 62 93 71 58 85 9 23 82 6
 96 17 64 45 10 41 89 32 12 81 72 44 21 55 16 89 94 25 83 65 74 46 20 52 86
 43 59 93 18 8 34 24 58 8 82 69 36 37 36 68 2 96 40 66 23 19 83 77 26 4
 33 38 78 65 9 16 65 86 74 94 21 89 27 83 90 68 31 20 97 91 48 23 16 52 47
 28 21 42 70 36 80 80 66 15 51 49 58 93 72 61 48 55 86 28 54 23 91 84 38 14
 87 53 60 3 32 11 89 70 98 94 91 69 20 22 68 58 67 35 53 6 34 57 42 16 50
 65 94 28 94 34 88 81 82 47 30 28 2 58 98 62 51 68 75 61 27 60 90 90 75 51
 5 6 12 96 59 11 9 57 63 77 62 2 16 44 69 1 60 45 67 95 46 10 82 68 30
 44 1 94 35 3 17 13 2 83 33 45 39 75 7 58 43 48 28 63 19 85 74 14 4 9
 30 2 49 81 21 52 62 47 17 75 84 28 4 63 21 49 11 45 10 31 43 40 96 41 9
 5 43 47 21 16 96 31 51 70 8 71 18 1 15 44 59 85 91 57 81 77 90 74 55 92
 28 48 62 41 62 65 64 95 72 97 25 39 89 97 1 32 57 87 68 26 46 81 16 28 96
 18 72 35 16 10 69 7 78 85 50 40 44 44 52 5 17 31 1 10 88 49 26 25 43 77
 12 6 34 16 21 1 95 5 77 48 63 50 38 52 35 12 35 2 54 90 9 73 84 64 99
 37 99 27 75 55 7 66 48 59 13 19 89 74 53 58 80 43 88 95 96 55 9 14 79 3
 68 97 28 21 61 29 80 23 80 89 53 29 4 40 44 63 56 93 83 76 60 2 96 12 41
